$ANSIBLE_VAULT;1.1;AES256
35633035643366393061326530363535393365356639306233363038636539633832636165643836
3634353562343437386131396336323434666264373762360a656139383466336162323364343335
61373465636538363335336361613963376135336164373033656566383335656532326432646333
3039396635333331300a356135326562373139633162396639323437336438613866643632616237
34383466366163346532623561323764306363316261646462663734623562623064623966386137
32346366613231313437663363353632303866653562636331363338646264356632663664303961
39353765346539653339333234613337353832663065623834656633336663666337393837616236
64653564646435633462326566313234643238613435656461353334653564393933643437663166
32396633646238616138326631663033383861303532306664353832616431313262343835663231
62633961343562613433663233323834613134343630643536383863623166333337323765326536
34666130393239396230303833616662633337396265356666373932636131666638353837656664
39323133313565646534653337666464363230306636333061366633646266663635346165323061
61346635336362373066356163326664323032633533363065646436323762333431646361303063
33373138303861653264623138383964353539313231616137613132656431623264336136663331
35346131373236633437376537653232636638636333393236323065636232306464356133353535
35353630613462316166336633353535366437613839623166653031653866346364646534623738
32326265333534316331363166376465336631336237363863663530393263663462643538356638
65316262353938643564613131636663306330616233616564326230313731393861363330653436
35643136346138636133373839643736653530326363386333663134363633666264653563393164
64393363356435383037343236653866393866623336353466323337646539643330656265303330
36653039316536336136353131316432346236656636306634383837626630393065363534666165
63636336336231653133393863653066613235316661346463656661653766333863333764373633
38396663333965383336353865623666626163383762333239383732643366313031373164336337
37336638393466323839313663343738393532323739393531616134333237346230333162323631
66643566643532653133333434333835333230623434643366396133373432646333656432663066
33356130653235366163333832393666343431386339633264323566383633666337366632653438
39366230653066346134636631346264663265373030333335626535303662303837306463656166
64663066366631623731396437643764643834653738646363376231666661633166373365616665
39356235313263393937643436356539663864333730336638363937633262393933366664306265
38346331633863626237353130306638643164356138346137326236363135366438326137323361
30333065653465383836326165303933316133653437366562663166666265363232353037653238
39373339373265656334656362373233653533373536396162636439323835653533376463356432
34306265653161366636666664643938613864623138326431313739343533613366326433656164
39656564623562633836626161363763623931303735646466383733303265623965666162353162
66626463623338333138363563306431376666623466663832666163383137313537633532343164
30626565366264373064373439383434366331356238623237613934383831613730663765303639
32663539633633643437306634306231656463316231316262336361623365613637646436383064
64316261343936653730623533386530613937633765613838393339306461666632303031633239
62343630353333613336343938636630636335643965616532393565613333313733623165653539
36303830376233636462343837346330653564643931353130323764643339643664336239333536
63303065313238353933393635353930383563373165353835383333613961313533306433656332
32333331373838303533616161636464663664386331383135616632633230316464316237646331
31313234373032653936386163313633333435656239356161633630313064316366343330646262
61666431303730313336663733336535326631313362306364666633333161373465366535643433
62373033343633346130353462343165383762666463636538393337636332383335326363653763
39373530386434383363336236366162366636386337356137666263613130643633646634333833
35393933363539363864333631373735363966363965626537353732346539653832363538353662
62643930316563393962376338356466306439626465333337363661336331656330626433316366
36346531356166623564346333646235333331333536623262663031336262623634
